514.69
292.74
319.64
307.26
249.90
290.54
298.60
338.95
287.66
279.38
287.10
314.49
252.25
303.80
338.16
339.98
254.38
252.12
283.38
312.66
298.63
255.00
254.63
316.59
259.35
250.09
251.68
266.38
311.69
269.28
296.83
280.46
294.33
282.92
321.12
294.71
282.25
290.72
322.65
241.94
281.02
233.82
311.70
280.16
279.30
285.09
235.49
296.68
256.03
246.87
248.99
279.97
320.65
281.51
238.37
275.17
248.05
291.10
234.48
286.26
279.16
280.26
266.55
232.36
280.40
279.61
281.42
310.32
282.35
280.00
238.08
230.55
241.78
291.30
282.27
280.00
283.44
243.40
253.19
280.38
284.12
280.80
246.84
302.62
309.54
246.85
262.82
310.86
361.89
247.85
282.87
287.22
290.47
267.09
247.11
285.91
285.54
289.76
312.52
287.10
292.88
257.24
