719.29
484.37
491.69
476.47
514.33
488.23
482.02
470.16
518.82
467.95
433.69
501.66
445.64
475.64
471.87
437.84
467.10
434.02
467.47
517.59
483.84
426.21
466.75
471.64
457.79
473.87
426.47
432.58
497.43
455.50
473.20
549.53
499.11
501.46
449.64
470.84
495.09
479.11
452.79
499.40
480.22
452.98
504.59
480.67
506.86
536.38
444.62
477.06
432.74
475.15
486.93
471.62
475.19
525.61
462.54
508.01
524.83
478.43
445.73
491.88
491.67
491.96
531.22
551.53
642.74
526.69
504.81
530.30
527.32
472.15
504.52
516.11
574.61
544.57
515.94
467.31
546.56
516.17
560.74
535.71
576.66
488.79
615.14
510.02
517.77
536.12
504.12
503.04
527.33
557.64
547.98
551.35
556.12
531.49
517.96
582.63
527.90
501.37
506.45
522.84
559.01
