1135.86
1080.40
1018.69
965.70
1160.87
992.72
909.26
988.22
1033.40
893.46
981.84
1001.63
970.65
905.80
1007.63
971.66
1011.12
950.84
975.07
991.81
987.36
992.88
999.92
895.31
953.50
904.91
898.44
994.09
893.26
903.55
1010.97
1056.54
1043.82
1059.42
1087.41
1060.78
1044.74
987.89
1089.24
1057.75
1059.99
1061.84
1065.88
999.85
1122.15
1032.71
1061.11
995.67
1030.72
972.65
957.85
1024.76
1057.20
999.38
1139.06
1055.74
1081.93
1046.29
1122.03
1058.95
1013.00
992.94
932.00
1041.47
1125.50
1047.99
1003.85
993.35
993.17
976.92
963.95
902.82
868.15
1007.67
1024.40
1000.17
1057.45
927.45
931.03
936.32
990.47
978.23
988.38
1041.98
988.92
861.95
920.88
865.45
923.13
967.62
906.61
918.91
909.22
992.44
991.32
922.29
921.64
923.61
925.30
978.19
981.67
996.20
1017.29
