1658.96
1611.90
1481.12
1404.40
1543.11
1650.83
1584.55
1515.31
1325.25
1478.69
1505.42
1609.87
1623.17
1507.54
1487.01
1391.16
1480.35
1461.02
1518.01
1890.68
1724.53
1691.89
2286.91
1798.54
2605.48
1619.40
1542.81
1568.95
1577.61
1440.36
1617.57
1565.51
1506.35
1863.48
1568.32
1560.15
1502.08
1462.65
1544.93
1454.87
1487.98
1448.99
1820.72
1462.75
1479.70
1457.56
1471.30
1705.49
1548.63
1567.06
1566.89
1598.77
1580.18
1550.25
1552.50
1633.91
1647.79
1446.04
1556.45
1580.83
1574.10
2005.51
1603.61
1581.83
1516.37
1583.37
1632.61
1560.32
1478.61
1509.11
1447.99
1995.54
1678.74
1575.31
1557.31
2136.28
1728.11
1874.54
2149.60
1836.38
2135.85
1658.15
2192.40
2064.63
2482.78
1487.77
1698.83
1790.99
1585.89
1966.67
1586.95
1595.47
1475.05
1458.72
1468.30
1451.76
1437.02
1469.85
1487.54
1304.63
1451.02
