2739.82
2423.18
2372.35
2575.53
4061.66
3027.47
3042.88
2682.77
3165.16
2485.99
2461.87
2462.95
2639.24
2607.76
3330.87
2761.58
2606.09
2635.25
2539.17
2576.24
2584.42
2425.92
2468.28
2241.45
2358.50
2467.95
2994.24
2585.59
2504.57
2584.97
2573.39
2568.11
2544.90
2580.60
2549.51
2335.34
2505.50
2415.11
3109.23
2577.15
2511.68
2681.68
2801.72
2774.11
2634.90
2536.23
2518.75
2330.93
2484.06
2455.70
3347.34
2859.91
2521.82
2592.32
2583.95
2587.82
2557.45
2539.82
2522.49
2341.70
2426.94
2475.23
3094.18
2584.61
2533.96
2532.09
2572.63
2430.38
2536.66
2473.38
2555.65
2315.55
2376.76
2366.58
3198.27
2503.08
2570.03
2536.59
2479.36
2475.28
2483.91
2520.17
2477.62
2373.06
2504.09
2386.37
3086.05
2522.84
2528.68
2564.96
2502.51
2492.59
2560.43
2450.78
2537.96
2325.96
2465.64
2434.19
3124.93
2520.14
2813.71
